17468937949
17468937939
17468937934
17468937927
17468937914
17468937912
17468937911
17468937908
17468937902
17468937899
17468937220
17468937053
17468936846
17451834819
17421578031
17391975857
17366698634
17366654157
17366593380
17351736496
17339078717
17339078715
17339078712
17339078707
17339078629
17339078595
17338448539
17335398581
17335398574
17335398572
17335398569
17335398567
17335398443
17335398397
17334991790
17334991789
17334991784
17334991780
17334991779
17334991775
17334991772
17334991551
17330220647
17330220644
17330220642
17330220641
17330220638
17330220637
17330207884
17330207514
17318020363
17318020340
17318020305
17318020300
17318020299
17318020290
17318017809
17318017414
17313383534
17305529463
17305529462
17305529453
17305529448
17305529447
17305529436
17305528269
17305330553
17305330545
17305330543
17305330523
17305330518
17305330515
17305329287
17304656274
17304656268
17304656260
17304656259
17304656249
17304656235
17304648746
17304648420
17304458672
17304458657
17304458645
17304458644
17304458631
17304449715
17304449408
17302631251
17302631208
17302631201
17302631199
17302631198
17302631196
17302630529
17302630356
17302329181
17302329170
17302329168
17302329160
17302329159
17302329152
17302316325
17302316005
17301540621
17301540614
17301540590
17301540588
17301540584
17301539830
17301539516
17301217943
17301217939
17301217929
17301217919
17301217914
17301217389
17301217156
17300904868
17300904860
17300904850
17300904848
17300904846
17300894511
17300893930
17296250741
17296250731
17296250727
17296250726
17296250720
17296250234
17296249825
17293730986
17293730984
17293730979
17293730972
17293730966
17293730454
17293730180
17293094719
17293094709
17293094707
17293094705
17293094703
17293094193
17293093899
17292378722
17292378716
17292378708
17292378705
17292378699
17292378410
17292378115
17292141960
17292141950
17292141940
17292141939
17292141932
17292141216
17292140923
17291321243
17291321232
17291321207
17291321202
17291321200
17291320265
17291320005
17289556020
17289555969
17289555967
17289555965
17289555952
17289555337
17289555070
17289129566
17289129565
17289129558
17289129557
17289129552
17289128916
17289128656
17288721015
17288721005
17288720992
17288720986
17288720980
17288720571
17288720278
17288224091
17288224086
17288224085
17288224081
17288217342
17284442106
17277516632
17277516627
17277516626
17277516615
17277516612
17277516609
17277516268
17277456729
17277456728
17277456726
17277456722
17277456711
17277456709
17277456401
17277395052
17277395049
17277395043
17277395042
17277395039
17277395031
17277394734
17277330226
17277330211
17277330197
17277330191
17277330183
17277330156
17277329855
17277257760
17277257759
17277257758
17277257756
17277257754
17277257752
17277257521
17277222594
17277222563
17277222562
17277222560
17277222557
17277222548
17277222292
17277163386
17277163306
17277163297
17277163292
17277163288
17277163284
17277162876
17277082803
17277082784
17277082783
17277082778
17277082770
17277082761
17277082456
17276982055
17276982048
17276982045
17276982042
17276982036
17276982010
17276981714
17276933164
17276933156
17276933151
17276933150
17276933145
17276933143
17276932815
17276867733
17276867674
17276867652
17276867634
17276867629
17276867627
17276867279
17276711102
17276711099
17276711097
17276711093
17276711087
17276711085
17276710816
17276072863
17276072860
17276072858
17276072857
17276072854
17276072848
17276072724
17275995460
17275995443
17275995441
17275995439
17275995438
17275995430
17275995156
17275684969
17275684968
17275684936
17275684925
17275684911
17275683481
17275683058
17268279522
17268279517
17268279513
17268279509
17268279502
17268279066
17268278753
17268046867
17268046866
17268046861
17268046860
17268046856
17268032887
17268032442
17265372086
17265372083
17265372082
17265372080
17265372075
17265371137
17265370793
17264161757
17264161740
17264161709
17264161707
17264161705
17264161703
17264161171
17264160826
17263927884
17263927860
17263927852
17263927846
17263927841
17263927838
17263927190
17263926799
17263580430
17263580425
17263580422
17263580421
17263580418
17263580414
17263579850
17263579483
17263370111
17263370107
17263370097
17263370094
17263370089
17263370088
17263362830
17263362489
17261908365
17261908340
17261908334
17261908326
17261908321
17261893218
17261892742
17261320666
17261320651
17261320636
17261320633
17261320630
17261310077
17261309812
17260541075
17260541052
17260541050
17260541044
17260541040
17260531858
17260531586
17259517013
17259517009
17259517004
17259517002
17259517001
17259517000
17259516809
17259415738
17259415737
17259415735
17259415732
17259415731
17259415729
17259415517
17258981521
17258981504
17258981503
17258981498
17258981491
17258981490
17258981281
17256052330
17245699873
17245699856
17245699847
17245699845
17245699837
17245699833
17245699321
17245577628
17245577316
17237640916
17237640908
17237640904
17237640899
17237640883
17237640880
17237640878
17237640429
17227226662
17227226655
17227226651
17227226648
17227226645
17227045263
17227045255
17227045251
17227045249
17227019210
17227019207
17227019204
17227019201
17226871187
17226871183
17226871182
17226871062
17226689305
17218583274
17218583267
17218583264
17218583017
17218580348
17218580279
17218580271
17218577880
17218577870
17218577867
17218513698
17218513690
17218513687
17218513677
17218513676
17218513668
17218513665
17218513653
17218513452
17218509652
17218509651
17218509646
17218509639
17218509635
17218509630
17218508370
17218508365
17218508364
17218508362
17218508361
17218333226
17218333225
17218333217
17218333214
17218333210
17218333205
17217989722
17217989719
17217989103
17217988723
17217988518
17217988439
17217988403
17217988363
17217988362
17217988353
17217988338
17217988100
17205149093
17205149086
17205149079
17198056596
17179295710
17179295708
17178821419
17178821410
17178821404
17178821403
17178821401
17163859973
17163859970
17163859964
17163855321
17163855314
17163855311
17163855306
17163796263
17163796257
17163796249
17163796248
17163492611
17163492576
17163492574
17163193929
17163193918
17163193915
17146012985
17146012973
17146012972
17145702311
17145702309
17145702305
17145635744
17145625129
17145625127
17145625124
17138045046
17138045034
17138045031
17137548314
17137548197
17137547723
17101598315
17101598298
17101598275
17101598265
17067575844
17067575840
17067575839
17067563262
17067563260
17033391888
17033297356
17033297352
17033297348
17033199687
17033199684
17033199676
17033064996
17033064994
17033064988
17033015984
17033015982
17033015980
17032941698
17032941690
17032941678
17032806538
17032806533
17032806531
17030117160
17024868963
17024868950
17024787203
17024747292
17024747284
17024747282
17024745006
17020973714
17020963570
17020963568
17020963566
17020854861
17020854860
17020854857
17020704732
17020657845
17020643891
17017011463
17016981752
17016981748
17016716676
17016716671
17011806098
17011806094
17011806092
17011706892
17011706890
17011661937
17011588375
17011588371
